-306.1539505618
3.0010000000e-05  -7.2022000000e-05  -4.9770220000e-03  
-4.9748430000e-03  -3.1459200000e-03  2.1900560000e-03  
-3.2583200000e-04  5.8341330000e-03  2.2715700000e-03  
5.2353980000e-03  -2.5892860000e-03  2.2909410000e-03  
-2.0713030000e-03  6.5430900000e-04  -7.0604300000e-04  
1.6604370000e-03  1.4392340000e-03  -6.8033500000e-04  
4.7007000000e-04  -2.1457340000e-03  -6.8552400000e-04  
-3.0485400000e-04  3.4944300000e-04  2.4913600000e-04  
-2.3287900000e-04  2.2766000000e-04  -1.5643100000e-04  
4.4906100000e-04  9.0793000000e-05  2.6210900000e-04  
2.9985500000e-04  9.2456000000e-05  -1.4577400000e-04  
-8.3901000000e-05  -3.0797800000e-04  -1.5419600000e-04  
-1.5121700000e-04  -4.2708300000e-04  2.4151200000e-04  

