-0.700  -919.36056931
-0.686  -919.38538059
-0.672  -919.40791226
-0.658  -919.42841885
-0.644  -919.44713238
-0.630  -919.46426037
-0.616  -919.47998450
-0.602  -919.49446026
-0.588  -919.50781744
-0.574  -919.52016139
-0.560  -919.53157517
-0.546  -919.54212240
-0.532  -919.55185060
-0.518  -919.56079512
-0.504  -919.56898319
-0.490  -919.57643803
-0.476  -919.58318261
-0.462  -919.58924280
-0.448  -919.59464960
-0.434  -919.59944032
-0.420  -919.60365855
-0.406  -919.60735315
-0.392  -919.61057632
-0.378  -919.61338129
-0.364  -919.61581975
-0.350  -919.61793965
-0.336  -919.61978337
-0.322  -919.62138665
-0.308  -919.62277826
-0.294  -919.62398034
-0.280  -919.62500940
-0.266  -919.62587773
-0.252  -919.62659507
-0.238  -919.62717023
-0.224  -919.62761258
-0.210  -919.62793308
-0.196  -919.62814480
-0.182  -919.62826300
-0.168  -919.62830460
-0.154  -919.62828734
-0.140  -919.62822876
-0.126  -919.62814508
-0.112  -919.62805033
-0.098  -919.62795566
-0.084  -919.62786904
-0.070  -919.62779534
-0.056  -919.62773674
-0.042  -919.62769334
-0.028  -919.62766404
-0.014  -919.62764730
0.000  -919.62764187
0.014  -919.62764730
0.028  -919.62766404
0.042  -919.62769334
0.056  -919.62773673
0.070  -919.62779534
0.084  -919.62786904
0.098  -919.62795566
0.112  -919.62805033
0.126  -919.62814508
0.140  -919.62822876
0.154  -919.62828734
0.168  -919.62830460
0.182  -919.62826300
0.196  -919.62814480
0.210  -919.62793308
0.224  -919.62761258
0.238  -919.62717023
0.252  -919.62659507
0.266  -919.62587773
0.280  -919.62500940
0.294  -919.62398034
0.308  -919.62277826
0.322  -919.62138665
0.336  -919.61978336
0.350  -919.61793965
0.364  -919.61581975
0.378  -919.61338129
0.392  -919.61057632
0.406  -919.60735315
0.420  -919.60365855
0.434  -919.59944032
0.448  -919.59464961
0.462  -919.58924280
0.476  -919.58318261
0.490  -919.57643803
0.504  -919.56898319
0.518  -919.56079512
0.532  -919.55185060
0.546  -919.54212240
0.560  -919.53157517
0.574  -919.52016138
0.588  -919.50781744
0.602  -919.49446026
0.616  -919.47998449
0.630  -919.46426037
0.644  -919.44713238
0.658  -919.42841885
0.672  -919.40791226
0.686  -919.38538059
0.700  -919.36056931
