-113.616 -77.56249828
-113.901 -77.56252231
-114.185 -77.56248035
-114.47 -77.56245519
-114.754 -77.56264473
-115.038 -77.56237280
-115.323 -77.56235851
-115.607 -77.56228718
-115.892 -77.56220702
-116.176 -77.56239923
-116.46 -77.56212894
-116.745 -77.56229850
-117.029 -77.56253658
-117.314 -77.56228729
-117.598 -77.56228924
-117.882 -77.56226875
-118.167 -77.56232721
-118.451 -77.56228380
-118.736 -77.56219536
-119.02 -77.56212114
-119.304 -77.56199982
-119.589 -77.56199034
-119.873 -77.56184301
-120.158 -77.56180185
-120.442 -77.56176437
-120.726 -77.56197594
-121.011 -77.56171210
-121.295 -77.56159764
-121.579 -77.56181248
-121.864 -77.56170665
-122.148 -77.56170539
-122.433 -77.56192367
-122.717 -77.56149156
-123.001 -77.56125188
-123.286 -77.56130755
-123.57 -77.56125172
-123.855 -77.56132042
-124.139 -77.56137153
-124.423 -77.56124501
-124.708 -77.56163824
-124.992 -77.56153871
-125.277 -77.56145778
-125.561 -77.56145146
-125.845 -77.56165889
-126.13 -77.56142146
-126.414 -77.56131302
-126.699 -77.56130722
-126.983 -77.56088054
-127.267 -77.56101515
-127.552 -77.56097897
-127.836 -77.56097010
-128.12 -77.56102876
-128.405 -77.56086993
-128.689 -77.56108217
-128.974 -77.56110116
-129.258 -77.56077511
-129.542 -77.56046770
-129.827 -77.56037902
-130.111 -77.56037805
-130.396 -77.56017386
-130.68 -77.56078917
-130.964 -77.56075416
-131.249 -77.56055989
-131.533 -77.56021909
-131.818 -77.56011539
-132.102 -77.56058630
-132.386 -77.56057590
-132.671 -77.56026766
-132.955 -77.56027119
-133.24 -77.56027363
-133.524 -77.55992098
-133.808 -77.56003255
-134.093 -77.55976894
-134.377 -77.55957373
-134.662 -77.55973332
-134.946 -77.55961282
-135.23 -77.55982298
-135.515 -77.55987002
-135.799 -77.55982191
-136.083 -77.55970420
-136.368 -77.55988364
-136.652 -77.55958121
-136.937 -77.55940010
-137.221 -77.55940078
-137.505 -77.55950646
-137.79 -77.55903320
-138.074 -77.55894086
-138.359 -77.55922462
-138.643 -77.55923005
-138.928 -77.55907556
-139.212 -77.55896374
-139.496 -77.55904677
-139.781 -77.55871376
-140.065 -77.55927478
-140.349 -77.55919144
-140.634 -77.55949558
-140.918 -77.55972257
-141.203 -77.55928297
-141.487 -77.55936117
-141.771 -77.55865582
-142.056 -77.55910805
-142.34 -77.55941071
-142.625 -77.55942895
-142.909 -77.55943724
-143.193 -77.55907238
-143.478 -77.55960857
-143.762 -77.55889089
-144.047 -77.55843887
-144.331 -77.55908561
-144.615 -77.55924092
-144.9 -77.55906838
-145.184 -77.55913592
-145.469 -77.55921036
-145.753 -77.55879840
-146.037 -77.55939550
-146.322 -77.55895098
-146.606 -77.55896830
-146.891 -77.55914588
-147.175 -77.55832161
-147.459 -77.55883493
-147.744 -77.55882280
-148.028 -77.55864278
-148.312 -77.55878072
-148.597 -77.55823383
-148.881 -77.55840568
-149.166 -77.55864687
-149.45 -77.55878435
-149.734 -77.55958249
-150.019 -77.55900859
-150.303 -77.55816795
-150.588 -77.55834253
-150.872 -77.55791243
-151.156 -77.55779228
-151.441 -77.55839628
-151.725 -77.55851060
-152.01 -77.55885531
-152.294 -77.55884094
-152.578 -77.55917344
-152.863 -77.55940205
-153.147 -77.55958571
-153.431 -77.55875976
-153.716 -77.55844400
-154 -77.55894676
-154.285 -77.55900318
-154.569 -77.55884057
-154.853 -77.55825183
-155.138 -77.55908719
-155.422 -77.55863654
-155.707 -77.55935925
-155.991 -77.55845190
-156.275 -77.55855849
-156.56 -77.55863972
-156.844 -77.55914720
-157.129 -77.55882901
-157.413 -77.55914598
-157.697 -77.55832689
-157.982 -77.55844646
-158.266 -77.55811091
-158.551 -77.55879405
-158.835 -77.55868004
-159.119 -77.55921936
-159.404 -77.55866576
-159.688 -77.55905569
-159.973 -77.55952032
-160.257 -77.55928235
-160.541 -77.55898440
-160.826 -77.55925606
-161.11 -77.55940727
-161.394 -77.55952320
-161.679 -77.55934844
-161.963 -77.55954291
-162.248 -77.56009803
-162.532 -77.56006725
-162.816 -77.56003360
-163.101 -77.55962855
-163.385 -77.55946255
-163.67 -77.55937709
-163.954 -77.55951499
-164.238 -77.55944945
-164.523 -77.55936292
-164.807 -77.56000233
-165.092 -77.56029137
-165.376 -77.55955144
-165.66 -77.55919641
-165.945 -77.55926549
-166.229 -77.55936495
-166.514 -77.55858781
-166.798 -77.55707148
-167.082 -77.55786043
-167.367 -77.55730167
-167.651 -77.55779193
-167.936 -77.55710300
-168.22 -77.55719884
-168.504 -77.55682520
-168.789 -77.55625789
-169.073 -77.55655320
-169.357 -77.55680210
-169.642 -77.55661851
-169.926 -77.55593342
-170.211 -77.55651436
